[1553.687595088596, 1686.501822952768, 1822.1875434238432, 1957.4341691442967, 2093.5994057730973, 2228.808341504094, 2362.7706397355737, 2496.0745251315575, 2629.82801531494, 1612.303676247866, 1749.688104989812, 1885.5529877194083, 2020.904675138178, 2156.781920122062, 2291.910222685985, 2425.558773394934, 2559.273673142343, 2693.315520076822, 1536.3508495513038, 1667.5989065189428, 1810.2743472981967, 1945.6542940503089, 2082.0252227232504, 2217.925290430482, 2352.123753548208, 2485.881005565187, 2619.5857355013477, 1592.2215438739374, 1719.258515588341, 1865.9740886211641, 1993.2774377157923, 2138.000470661117, 2272.270671944254, 2406.8848408465033, 2541.605698151036, 2675.917255266959]
[1.151169113535333, 0.03370224334398632, 0.03977718091580696, 0.033525494940329074, 0.010280085862601094, 0.03601050027177342, 0.0440015988581315, 0.03028037764364521, 0.025800001833500605, 0.006605357198253944, 0.07000205750355343, 0.04155169603473374, 0.08686640855916257, 0.05545065908716811, 0.039285805691668, 0.030028416609054455, 0.023020188817730734, 0.015184319510575521, 1.3783046586189007, 0.06333189253881076, 0.27492851733081863, 0.17083019948364916, 0.14740377449015454, 0.08554221734880563, 0.05471575664629705, 0.06016966172553772, 0.05216165467699802, 0.10201724333487676, 0.7456227689998658, 0.5237425089766351, 5.40223596474518, 0.3591812241132026, 0.21607025068474794, 0.14522209508683678, 0.2509404684558346, 0.14569222280295088]
[10.0, 11.0, 12.0, 13.0, 14.0, 15.0, 16.0, 17.0, 18.0, 10.0, 11.0, 12.0, 13.0, 14.0, 15.0, 16.0, 17.0, 18.0, 9.0, 10.0, 11.0, 12.0, 13.0, 14.0, 15.0, 16.0, 17.0, 9.0, 10.0, 11.0, 12.0, 13.0, 14.0, 15.0, 16.0, 17.0]
[0.0, 0.0, 0.0, 0.0, 0.0, 0.0, 0.0, 0.0, 0.0, 1.0, 1.0, 1.0, 1.0, 1.0, 1.0, 1.0, 1.0, 1.0, 2.0, 2.0, 2.0, 2.0, 2.0, 2.0, 2.0, 2.0, 2.0, 3.0, 3.0, 3.0, 3.0, 3.0, 3.0, 3.0, 3.0, 3.0]
[2.336350300045426, 0.24775033274573266, 0.437518847669077, 0.4142457977204006, 0.2404893674733053, 1.0219394664944774, 1.5133305003769766, 1.645602657041744, 2.045356744744983, 0.029457726727513567, 0.6370124626171965, 0.5815383717733793, 1.7045860037993008, 1.6779551208571215, 1.7421285841797252, 2.062812820598114, 2.2697098000016576, 2.338380503609632, 3.2928464863077878, 0.21645050629248574, 1.772898181408853, 1.8320564147404106, 2.0255904403064706, 2.0759343949713065, 2.2537623778857627, 3.22625786976145, 3.579529289190333, 0.24515372342174047, 1.8879770241812914, 1.102837174902397, 17.032813213104728, 2.509569566709879, 1.8793154956987603, 2.1111388459041827, 4.351282651096822, 3.7970899553468884]
[1.6642589230108098, 0.04797083761413172, 0.056341080828133376, 0.04751527079526796, 0.0146105911359504, 0.05119023777718898, 0.06276695484259766, 0.04355120383526079, 0.03767797220025836, 0.07119810878988378, 0.09921501016394155, 0.0588813652543059, 0.12480860321772035, 0.07898465844918194, 0.05591826864121375, 0.042814869300291034, 0.0331306105638811, 0.022179558210895307, 2.013683159526543, 0.08978315130456743, 0.39114745101284576, 0.2432758876950956, 0.21021151156149462, 0.12215191440930363, 0.0782840068175324, 0.08728605699853752, 0.07736518574576458, 0.14329851778702202, 1.0662945491919233, 0.7434609966131476, 8.212655845185175, 0.5133922902404986, 0.30774684891386006, 0.2070215827182878, 0.36520759911165857, 0.2164209540681597]
[1543.825, 1681.478, 1817.298, 1953.5739999999998, 2090.097, 2225.2309999999998, 2359.319, 2492.708, 2626.554, 1606.647, 1743.139, 1879.5919999999999, 2015.9630000000002, 2152.349, 2287.12, 2420.74, 2554.625, 2689.054, 1530.353, 1668.165, 1804.061, 1940.584, 2077.293, 2212.784, 2347.2200000000003, 2480.858, 2615.009, 1585.199, 1722.534, 1859.199, 1995.954, 2132.971, 2268.246, 2402.4429999999998, 2536.677, 2671.394]

(PM2)

[1552.9416045366327, 1686.4641877364666, 1822.1709710871162, 1957.425905245453, 2093.599874508717, 2228.790158030139, 2362.7500726969693, 2496.0593487609794, 2629.8202551406434, 1612.3235820108844, 1749.6614683524306, 1885.510698260386, 2020.889581983611, 2156.7263734074277, 2291.880737175459, 2425.571387741864, 2559.276424341778, 2693.3069512371367, 1530.360365766192, 1665.5315306974794, 1810.2956856845442, 1945.5767645040235, 2082.169064541432, 2217.9094993065637, 2352.0920002029106, 2485.8929301661096, 2619.6733438543133, 1585.0713101193608, 1730.1341575843098, 1857.677845826059, 2002.036309129657, 2137.5336824814062, 2272.457698309696, 2407.0061842840296, 2541.5661269958905, 2675.9417794866476]
[0.45877510534483146, 0.03382990443959511, 0.030004016155980192, 0.022209140599484093, 0.009204244372073737, 0.03942749744634708, 0.04382649032679856, 0.028240874800635203, 0.025144498620177952, 0.018214202013532455, 0.018729656074430917, 0.04492720374257777, 0.08410530842688366, 0.058200915327321655, 0.04130172759104143, 0.02923860894607752, 0.022995742902245094, 0.015080977425265932, 0.12191985171617423, 2.4474827765523615, 0.2885303784500778, 0.19760454457213933, 0.16962693658386477, 0.07949162591609926, 0.05469498819409194, 0.05980937037314916, 0.05011861671165206, 1.1493424406187418, 1.2038446460103773, 0.1557922839120783, 0.7986735469751054, 0.5459149707234306, 0.24158697247958397, 0.16993980535117093, 0.22580659442888104, 0.14413209514369837]
[10.0, 11.0, 12.0, 13.0, 14.0, 15.0, 16.0, 17.0, 18.0, 10.0, 11.0, 12.0, 13.0, 14.0, 15.0, 16.0, 17.0, 18.0, 9.0, 10.0, 11.0, 12.0, 13.0, 14.0, 15.0, 16.0, 17.0, 9.0, 10.0, 11.0, 12.0, 13.0, 14.0, 15.0, 16.0, 17.0]
[0.0, 0.0, 0.0, 0.0, 0.0, 0.0, 0.0, 0.0, 0.0, 1.0, 1.0, 1.0, 1.0, 1.0, 1.0, 1.0, 1.0, 1.0, 2.0, 2.0, 2.0, 2.0, 2.0, 2.0, 2.0, 2.0, 2.0, 3.0, 3.0, 3.0, 3.0, 3.0, 3.0, 3.0, 3.0, 3.0]
[1.0516945267373883, 0.06382015845461364, 0.3285038499484494, 0.2790505025452852, 0.21766388811433135, 1.0544203225857727, 1.52787578182601, 1.5755000200872864, 1.9809489130478037, 0.12077592104491863, 0.14466832908608396, 0.6099911089573768, 1.6114705895613253, 1.7454892080581863, 1.8187837600703962, 2.0257970698131427, 2.267822070561425, 2.3147971591570933, 0.26617560301661847, 2.8823948086835296, 1.5443075514555171, 2.134769030059487, 2.3069179552856625, 2.0334760609415374, 2.2767289584117263, 3.203866865506588, 3.407085943194242, 0.8141888268746449, 2.590313921337275, 0.2623421276513511, 2.409944921498216, 2.9835413322845197, 2.373098298076342, 2.4891443942169156, 3.864336372059456, 3.9685274379202724]
[0.6552304731769085, 0.01696470505694707, 0.04247950329829266, 0.03144375291497596, 0.013155095354561388, 0.056032473359672784, 0.06251311026827418, 0.04057894636585848, 0.03664093672762856, 0.024554966535630617, 0.026400103768634192, 0.06366258716475857, 0.11967527070250161, 0.08286930802900738, 0.05877469612847915, 0.0416820927352907, 0.033077721275591415, 0.021995807377946274, 0.17367527242879652, 3.5046377834572593, 0.40995719621527754, 0.28156760893342153, 0.24204401397387817, 0.1133933803525342, 0.07823716046776835, 0.08669881559633517, 0.07407629583723238, 1.6351101525847902, 1.7150744269616698, 0.21981877315401135, 1.1396035487028566, 0.7809115238744336, 0.3444466793562467, 0.2425599774750396, 0.3274700586216223, 0.21410209886823078]
[1543.825, 1681.478, 1817.298, 1953.5739999999998, 2090.097, 2225.2309999999998, 2359.319, 2492.708, 2626.554, 1606.647, 1743.139, 1879.5919999999999, 2015.9630000000002, 2152.349, 2287.12, 2420.74, 2554.625, 2689.054, 1530.353, 1668.165, 1804.061, 1940.584, 2077.293, 2212.784, 2347.2200000000003, 2480.858, 2615.009, 1585.199, 1722.534, 1859.199, 1995.954, 2132.971, 2268.246, 2402.4429999999998, 2536.677, 2671.394]

(PM1)

[3710.1642516789875, 3847.3062062314452, 3983.6421624851787, 4119.741764745782, 4260.879310119606, 4404.044522892791, 4539.104962114046, 4678.652426220046, 4949.981388410875, 3776.597924180122, 3914.085514746889, 4049.5493606351106, 4186.273539640399, 4326.867069503826, 4462.676581099023, 4603.563873887965, 4738.686916960189, 4877.620685820228, 3701.938801248037, 3837.891507527288, 3974.542958955177, 4113.419154696122, 4249.502899242826, 4389.785414240168, 4526.416507683869, 4666.674121309261, 4806.116617918614, 4883.297479856957, 3771.0247282526116, 3912.619127884838, 4034.2790444342545, 4173.630819442767, 4312.570374755292, 4448.844298828308, 4589.760789180514, 4723.255427753425, 4871.439513190887, 5001.687923127289]
[0.24218119982268405, 0.294557287649674, 0.57379153766622, 3.738375785350781, 1.5210752030576602, 2.4337224497979837, 0.9154833816049822, 0.4680240903579852, 2.478622309655558, 0.13052971792178747, 0.006217237713334656, 0.23932037162174696, 0.33448908455887666, 1.0632542673125482, 0.8530845437559718, 2.029708793651082, 2.730986632236657, 97.68218186960468, 0.20037610171265424, 0.34580846509483826, 2.4826456427688757, 6.867562091520464, 1.014480666312199, 1.243079525834073, 2.1751365024841314, 1.467669715529975, 1.4166441495684408, 96267.57833183851, 1.485727400568883, 0.18991506718676107, 0.16509770019863357, 0.0610728718867413, 3.7900277769368698, 2.8742855110732703, 1.4694099898658701, 3.843309978672739, 4263.48609677975, 11.438414776862937]
[26.0, 27.0, 28.0, 29.0, 30.0, 31.0, 32.0, 33.0, 35.0, 26.0, 27.0, 28.0, 29.0, 30.0, 31.0, 32.0, 33.0, 34.0, 25.0, 26.0, 27.0, 28.0, 29.0, 30.0, 31.0, 32.0, 33.0, 34.0, 25.0, 26.0, 27.0, 28.0, 29.0, 30.0, 31.0, 32.0, 33.0, 34.0]
[0.0, 0.0, 0.0, 0.0, 0.0, 0.0, 0.0, 0.0, 0.0, 1.0, 1.0, 1.0, 1.0, 1.0, 1.0, 1.0, 1.0, 1.0, 2.0, 2.0, 2.0, 2.0, 2.0, 2.0, 2.0, 2.0, 2.0, 2.0, 3.0, 3.0, 3.0, 3.0, 3.0, 3.0, 3.0, 3.0, 3.0, 3.0]
[9.7769360652133, 9.818798962077038, 11.8458085685075, 17.3037679916759, 15.268226192039545, 14.486753105589305, 8.354743085786934, 2.073668220532017, 32.214995124438516, 6.429395201317343, 0.10715792813286473, 15.904262124526014, 19.754987928299663, 18.434282069170735, 17.028216413909156, 21.41963024100977, 26.642218974487573, 33.75213719321916, 6.398589365149601, 9.670625087654576, 16.718914248136986, 16.453641210200782, 14.356778336215076, 19.621841036373667, 25.986373178430984, 30.67280604322621, 28.261980564522766, 4.968362189312137, 24.905080893341275, 15.003482636363145, 0.96718694354478, 0.04299422413438725, 19.080066473376036, 12.649924540741495, 11.897828655961558, 9.794558045332463, 28.494309834656956, 1.1433183138715814]
[0.3436210724335121, 0.435706897584039, 0.7943831687263105, 1.9264756479383789, 1.8908184563418315, 3.7785756941039232, 2.1957896503399357, 0.7956117741994901, 6.365489854991498, 0.3409341326407512, 0.013598338652836415, 0.4032790605755302, 0.5856054067574757, 1.3726380206762885, 1.1955466046242784, 2.5013546850076898, 3.7511852934233616, 19.17059851587432, 0.5635847286995564, 0.514719038117971, 2.0993131686309807, 4.361980959353339, 1.3013704065395848, 1.5913689887773335, 2.4547982834574644, 2.436156261709444, 2.8363898710582753, 244994.3823767066, 1.568830820637633, 0.319784500860994, 0.24299719481476253, 0.039888526914729244, 4.777868240766152, 4.688678206916107, 2.6738112631743873, 8.256667239113346, 3312.4483569598624, 22.804804729434707]
[3712.182, 3849.159, 3986.249, 4123.775000000001, 4261.271, 4398.846, 4536.387000000001, 4673.751, 4946.911, 3776.819, 3913.9970000000003, 4051.451, 4189.064, 4326.765, 4464.404, 4601.967000000001, 4739.407, 4876.241, 3702.942, 3840.181, 3977.531, 4115.312, 4253.053000000001, 4390.873, 4528.647, 4666.24, 4803.670999999999, 4939.921, 3762.608, 3900.194, 4037.984, 4175.992, 4314.043, 4452.032, 4589.953, 4727.718999999999, 4864.958, 4999.742]

(PM2)


[3710.2402465721398, 3847.5166864846806, 3983.7965038026737, 4119.949823167903, 4260.868824361591, 4404.0419934830215, 4539.034970615798, 4678.6800668243595, 4950.142041988111, 3776.638714630218, 3914.081657223286, 4049.72460001725, 4186.227220060333, 4326.901281566102, 4462.529578027482, 4603.592017940772, 4739.319850459406, 4876.68663568831, 3701.900527955793, 3838.3151898589554, 3974.284609343359, 4114.2139582101745, 4249.615575458463, 4390.132507973859, 4526.117411717775, 4666.910445080487, 4806.474684263177, 4949.576406096217, 3771.0130802172625, 3912.6713869524674, 4033.365657074827, 4172.952682669006, 4312.793759986334, 4448.784856901178, 4590.535814274313, 4721.171091834241, 4876.689052650835, 5003.52295165455]
[0.257590532508899, 0.3233305965255321, 0.5871978084829061, 5.5769403255178815, 1.6613712373142269, 2.2614115384581375, 1.3225225124270814, 0.4571371817758409, 3.6149249076960817, 0.12512544184867846, 0.007394664396163847, 0.2874426968669423, 0.3349533472483566, 0.9284092243550867, 0.9438429892548652, 2.218328700600853, 1.628018603040565, 2.314464505324108, 0.2094614109265903, 0.4524146103122053, 2.2064781704853984, 9.358451447631467, 1.1965139979042372, 1.2885614904035338, 2.2990421116465707, 1.401539780033995, 1.3958116839089059, 9415800.541792776, 1.3186272594440525, 0.1878833289193119, 1.3578005059316365, 0.024355055372515057, 2.9589280766039594, 2.6589816526426744, 3.2268847721786633, 1.5213349215987808, 0.026187976508597714, 24.926641409226914]
[26.0, 27.0, 28.0, 29.0, 30.0, 31.0, 32.0, 33.0, 35.0, 26.0, 27.0, 28.0, 29.0, 30.0, 31.0, 32.0, 33.0, 34.0, 25.0, 26.0, 27.0, 28.0, 29.0, 30.0, 31.0, 32.0, 33.0, 34.0, 25.0, 26.0, 27.0, 28.0, 29.0, 30.0, 31.0, 32.0, 33.0, 34.0]
[0.0, 0.0, 0.0, 0.0, 0.0, 0.0, 0.0, 0.0, 0.0, 1.0, 1.0, 1.0, 1.0, 1.0, 1.0, 1.0, 1.0, 1.0, 2.0, 2.0, 2.0, 2.0, 2.0, 2.0, 2.0, 2.0, 2.0, 2.0, 3.0, 3.0, 3.0, 3.0, 3.0, 3.0, 3.0, 3.0, 3.0, 3.0]
[9.888770556934062, 9.312536684027295, 12.23111697655066, 17.249820791185638, 15.147925872329076, 11.431788150907563, 10.32489134104822, 1.9450734865047399, 36.11023951117836, 6.133233423560414, 0.10646689319772662, 15.052166011726921, 19.777846048846893, 16.705302740872654, 18.91694321538862, 17.695391704701812, 26.302052971406635, 39.917463404327854, 6.719965652593528, 11.430180223536048, 16.518754092632726, 18.926069789086352, 15.44473269107802, 21.214705582488627, 23.677134623861722, 31.925449888572096, 28.57257537446742, 12.002637914441, 24.49647473905561, 15.042035732364333, 9.617141753953838, 0.010079418163214893, 19.10193026818115, 10.406603607827387, 18.34069582820422, 6.78699809740511, 0.13067494865454155, 0.7606266041439627]
[0.3656170526412042, 0.4860652031447027, 0.7928307267077472, 3.5093346877183627, 2.052419450414115, 4.117525281549205, 2.7923117403983957, 0.7689405046579089, 17.251417834543048, 0.3227353989449977, 0.013629508101000604, 0.48429323288185383, 0.5932462521567922, 1.2845457783775018, 1.3234683862424246, 2.739587491211576, 3.1603620813575004, 5.9872752501290485, 0.6029762583729957, 0.6023765064096136, 2.0163208539137067, 3.439350356493558, 1.4246605473145348, 1.6398550892972157, 2.584351188635391, 2.5551489706568575, 3.271552374751256, 21201927.33672852, 1.400146725056908, 0.3199446966652399, 2.338719631519615, 0.2905587911216286, 3.7251240849014247, 4.821136404046495, 3.850221035617529, 2.881285362636226, 0.04161434216397619, 154.32244750798304]
[3712.182, 3849.159, 3986.249, 4123.775000000001, 4261.271, 4398.846, 4536.387000000001, 4673.751, 4946.911, 3776.819, 3913.9970000000003, 4051.451, 4189.064, 4326.765, 4464.404, 4601.967000000001, 4739.407, 4876.241, 3702.942, 3840.181, 3977.531, 4115.312, 4253.053000000001, 4390.873, 4528.647, 4666.24, 4803.670999999999, 4939.921, 3762.608, 3900.194, 4037.984, 4175.992, 4314.043, 4452.032, 4589.953, 4727.718999999999, 4864.958, 4999.742]

(PM1)