     0.00000000    3   0.2872607468E+02    0.10000E+01    1.00061     0.22831E-04      0.000000   0.000000   0.535308
     0.00000000    4   0.4628646066E+02    0.10000E+01    1.00061     0.67083E-05      0.000000   0.000000   0.679501
     0.00000000    6   0.9443842790E+02    0.10000E+01    1.00061     0.84504E-06      0.000000   0.000000   0.970528
     0.00000000    7   0.1247202478E+03    0.10000E+01    1.00061     0.34944E-06      0.000000   0.000000   1.115391
     0.00000000    8   0.1592689114E+03    0.10000E+01    1.00061     0.14563E-06      0.000000   0.000000   1.260426
     0.00000000    9   0.1975399906E+03    0.10000E+01    1.00061     0.62327E-07      0.000000   0.000000   1.403781
     0.00000000   10   0.2389030452E+03    0.10000E+01    1.00061     0.27150E-07      0.000000   0.000000   1.543825
     0.00000000   11   0.2834212449E+03    0.10000E+01    1.00061     0.13058E-07      9.913831   9.911916   1.681478
     0.00000000   12   0.3310632721E+03    0.10000E+01    1.00061     0.71096E-08      9.172806   9.171123   1.817298
     0.00000000   13   0.3826248590E+03    0.10000E+01    1.00061     0.41428E-08      8.532398   8.531372   1.953574
     0.00000000   14   0.4380053034E+03    0.10000E+01    1.00061     0.25009E-08      7.974768   7.974113   2.090097
     0.00000000   15   0.4964732088E+03    0.10000E+01    1.00061     0.15352E-08      7.490483   7.489858   2.225231
     0.00000000   16   0.5581497931E+03    0.10000E+01    1.00061     0.10022E-08      7.064515   7.064186   2.359319
     0.00000000   17   0.6230709879E+03    0.10000E+01    1.00061     0.71615E-09      6.686348   6.686169   2.492708
     0.00000000   18   0.6918301392E+03    0.10000E+01    1.00061     0.54616E-09      6.345385   6.345450   2.626554
     0.00000000   19   0.7647994433E+03    0.10000E+01    1.00061     0.43355E-09      6.035093   6.035478   2.761449
     0.00000000   20   0.8414225638E+03    0.10000E+01    1.00061     0.34981E-09      5.753745   5.754242   2.896414
     0.00000000   21   0.9218936305E+03    0.10000E+01    1.00061     0.28754E-09      5.496893   5.497600   3.031626
     0.00000000   22   0.1006097468E+04    0.10000E+01    1.00061     0.24395E-09      5.261841   5.262737   3.166920
     0.00000000   23   0.1094145874E+04    0.10000E+01    1.00061     0.21215E-09      5.045685   5.046704   3.302485
     0.00000000   24   0.1186477805E+04    0.10000E+01    1.00061     0.18719E-09      4.845381   4.846615   3.438826
     0.00000000   25   0.1282643998E+04    0.10000E+01    1.00061     0.16583E-09      4.660201   4.661551   3.575348
     0.00000000   26   0.1382817238E+04    0.10000E+01    1.00061     0.14681E-09      4.488232   4.489722   3.712182
     0.00000000   27   0.1486888646E+04    0.10000E+01    1.00061     0.13072E-09      4.328311   4.329951   3.849159
     0.00000000   28   0.1594790777E+04    0.10000E+01    1.00061     0.11667E-09      4.179322   4.181040   3.986249
     0.00000000   29   0.1706914154E+04    0.10000E+01    1.00061     0.10363E-09      4.039726   4.041604   4.123775
     0.00000000   30   0.1822794116E+04    0.10000E+01    1.00061     0.91325E-10      3.909209   3.911196   4.261271
     0.00000000   31   0.1942566581E+04    0.10000E+01    1.00061     0.79478E-10      3.786777   3.788872   4.398846
     0.00000000   32   0.2066168777E+04    0.10000E+01    1.00061     0.68325E-10      3.671764   3.673996   4.536387
     0.00000000   33   0.2193371104E+04    0.10000E+01    1.00061     0.57518E-10      3.563704   3.566015   4.673751
     0.00000000   35   0.2457743561E+04    0.10000E+01    1.00061     0.34115E-10      3.366584   3.369106   4.946911
     0.00000000   36   0.2608055968E+04    0.10000E+01    1.00061     0.11969E-09      3.268130   3.270870   5.095484
     0.00000000   37   0.2752433035E+04    0.10000E+01    1.00061     0.11238E-09      3.181261   3.184124   5.234301
     0.00000000   38   0.2900660419E+04    0.10000E+01    1.00061     0.10536E-09      3.098912   3.101858   5.373123
     0.00000000   39   0.3053070015E+04    0.10000E+01    1.00061     0.98351E-10      3.020573   3.023641   5.512118
     0.00000000   40   0.3209251653E+04    0.10000E+01    1.00061     0.91520E-10      2.946157   2.949325   5.651010
     0.00000000   41   0.3369364782E+04    0.10000E+01    1.00061     0.85041E-10      2.875304   2.878571   5.789910
     0.00000000   42   0.3533532501E+04    0.10000E+01    1.00061     0.78923E-10      2.807716   2.811103   5.928871
     0.00000000   43   0.3701503928E+04    0.10000E+01    1.00061     0.73007E-10      2.743270   2.746746   6.067785
     0.00000000   44   0.3873544343E+04    0.10000E+01    1.00061     0.67220E-10      2.681658   2.685244   6.206761
     0.00000000   45   0.4049306357E+04    0.10000E+01    1.00061     0.61672E-10      2.622813   2.626498   6.345584
     0.00000000   46   0.4228911001E+04    0.10000E+01    1.00061     0.56547E-10      2.566513   2.570295   6.484340
     0.00000000   47   0.4412502478E+04    0.10000E+01    1.00061     0.51755E-10      2.512553   2.516441   6.623110
     0.00000000   48   0.4599812635E+04    0.10000E+01    1.00061     0.47171E-10      2.460864   2.464841   6.761761
     0.00000000   50   0.4985841223E+04    0.10000E+01    1.00061     0.38846E-10      2.363679   2.367849   7.038738
     0.00000000   51   0.5184381995E+04    0.10000E+01    1.00061     0.35257E-10      2.317978   2.322241   7.176977
     0.00000000   52   0.5386781739E+04    0.10000E+01    1.00061     0.31994E-10      2.274013   2.278374   7.315157
     0.00000000   53   0.5592738115E+04    0.10000E+01    1.00061     0.28972E-10      2.231750   2.236198   7.453125
     0.00000000   54   0.5802379046E+04    0.10000E+01    1.00061     0.26276E-10      2.191062   2.195608   7.590913
     1.00000000    5   0.7974646610E+02    0.10000E+01    1.00061     0.14251E-05      0.000000   0.000000   0.891473
     1.00000000    6   0.1078731997E+03    0.10000E+01    1.00061     0.55523E-06      0.000000   0.000000   1.036782
     1.00000000    7   0.1402754587E+03    0.10000E+01    1.00061     0.23329E-06      0.000000   0.000000   1.182289
     1.00000000    8   0.1763955222E+03    0.10000E+01    1.00061     0.98688E-07      0.000000   0.000000   1.325785
     1.00000000    9   0.2163137873E+03    0.10000E+01    1.00061     0.41961E-07      0.000000   0.000000   1.468123
     1.00000000   10   0.2590484858E+03    0.10000E+01    1.00061     0.19161E-07      0.000000   0.000000   1.606647
     1.00000000   11   0.3049427344E+03    0.10000E+01    1.00061     0.96881E-08      9.557594   9.561294   1.743139
     1.00000000   12   0.3545624872E+03    0.10000E+01    1.00061     0.54924E-08      8.863624   8.867172   1.879592
     1.00000000   13   0.4078781967E+03    0.10000E+01    1.00061     0.32723E-08      8.264041   8.267346   2.015963
     1.00000000   14   0.4649785753E+03    0.10000E+01    1.00061     0.19705E-08      7.740005   7.743478   2.152349
     1.00000000   15   0.5250612264E+03    0.10000E+01    1.00061     0.12442E-08      7.283712   7.287185   2.287120
     1.00000000   16   0.5882329625E+03    0.10000E+01    1.00061     0.84411E-09      6.881499   6.884948   2.420740
     1.00000000   17   0.6551548922E+03    0.10000E+01    1.00061     0.62375E-09      6.520572   6.524114   2.554625
     1.00000000   18   0.7259208359E+03    0.10000E+01    1.00061     0.48852E-09      6.194597   6.197968   2.689054
     1.00000000   19   0.8007813216E+03    0.10000E+01    1.00061     0.38909E-09      5.897945   5.901317   2.824228
     1.00000000   20   0.8794114964E+03    0.10000E+01    1.00061     0.31737E-09      5.628098   5.631473   2.959557
     1.00000000   21   0.9616213364E+03    0.10000E+01    1.00061     0.26461E-09      5.382148   5.385393   3.094791
     1.00000000   22   0.1047778983E+04    0.10000E+01    1.00061     0.22692E-09      5.156118   5.159368   3.230370
     1.00000000   23   0.1137902308E+04    0.10000E+01    1.00061     0.19976E-09      4.947721   4.950860   3.366419
     1.00000000   24   0.1232120081E+04    0.10000E+01    1.00061     0.17612E-09      4.754788   4.757872   3.502967
     1.00000000   25   0.1330364698E+04    0.10000E+01    1.00061     0.15619E-09      4.575856   4.578942   3.639851
     1.00000000   26   0.1432393890E+04    0.10000E+01    1.00061     0.13864E-09      4.409877   4.412884   3.776819
     1.00000000   27   0.1538433070E+04    0.10000E+01    1.00061     0.12337E-09      4.255185   4.258222   3.913997
     1.00000000   28   0.1648451189E+04    0.10000E+01    1.00061     0.11029E-09      4.110737   4.113752   4.051451
     1.00000000   29   0.1762407661E+04    0.10000E+01    1.00061     0.97387E-10      3.975617   3.978614   4.189064
     1.00000000   30   0.1880309616E+04    0.10000E+01    1.00061     0.85384E-10      3.848957   3.851993   4.326765
     1.00000000   31   0.2001919633E+04    0.10000E+01    1.00061     0.73955E-10      3.730220   3.733235   4.464404
     1.00000000   32   0.2127349062E+04    0.10000E+01    1.00061     0.62904E-10      3.618581   3.621640   4.601967
     1.00000000   33   0.2256463621E+04    0.10000E+01    1.00061     0.52179E-10      3.513529   3.516614   4.739407
     1.00000000   34   0.2388775569E+04    0.10000E+01    1.00061     0.40664E-10      3.414837   3.417933   4.876241
     1.00000000   35   0.2535393751E+04    0.10000E+01    1.00061     0.12341E-09      3.314630   3.317888   5.023275
     1.00000000   36   0.2677686793E+04    0.10000E+01    1.00061     0.11595E-09      3.225357   3.228651   5.162115
     1.00000000   37   0.2824024547E+04    0.10000E+01    1.00061     0.10861E-09      3.140678   3.144051   5.301017
     1.00000000   38   0.2974369018E+04    0.10000E+01    1.00061     0.10183E-09      3.060274   3.063714   5.440020
     1.00000000   39   0.3128632508E+04    0.10000E+01    1.00061     0.94742E-10      2.983874   2.987370   5.579044
     1.00000000   40   0.3286825360E+04    0.10000E+01    1.00061     0.88101E-10      2.911182   2.914767   5.718011
     1.00000000   41   0.3448901699E+04    0.10000E+01    1.00061     0.81897E-10      2.841956   2.845596   5.857005
     1.00000000   42   0.3614985447E+04    0.10000E+01    1.00061     0.75772E-10      2.775904   2.779627   5.996009
     1.00000000   43   0.3785012707E+04    0.10000E+01    1.00061     0.70034E-10      2.712839   2.716646   6.135015
     1.00000000   44   0.3958893059E+04    0.10000E+01    1.00061     0.64284E-10      2.652594   2.656472   6.273986
     2.00000000    5   0.9193278727E+02    0.10000E+01    1.00061     0.92015E-06      0.000000   0.000000   0.957193
     2.00000000    6   0.1218085798E+03    0.10000E+01    1.00061     0.37757E-06      0.000000   0.000000   1.101802
     2.00000000    7   0.1560212819E+03    0.10000E+01    1.00061     0.15751E-06      0.000000   0.000000   1.246902
     2.00000000    8   0.1938950922E+03    0.10000E+01    1.00061     0.67441E-07      0.000000   0.000000   1.390052
     2.00000000    9   0.2350275045E+03    0.10000E+01    1.00061     0.29133E-07      0.000000   0.000000   1.530353
     2.00000000   10   0.2792732495E+03    0.10000E+01    1.00061     0.13888E-07      9.987184   9.991017   1.668165
     2.00000000   11   0.3266168931E+03    0.10000E+01    1.00061     0.74650E-08      9.235032   9.238418   1.804061
     2.00000000   12   0.3779512340E+03    0.10000E+01    1.00061     0.43263E-08      8.584991   8.588479   1.940584
     2.00000000   13   0.4330864745E+03    0.10000E+01    1.00061     0.26076E-08      8.019927   8.023260   2.077293
     2.00000000   14   0.4914479793E+03    0.10000E+01    1.00061     0.15908E-08      7.528682   7.531990   2.212784
     2.00000000   15   0.5530302389E+03    0.10000E+01    1.00061     0.10317E-08      7.097138   7.100598   2.347220
     2.00000000   16   0.6178054544E+03    0.10000E+01    1.00061     0.73116E-09      6.714781   6.718106   2.480858
     2.00000000   17   0.6864647296E+03    0.10000E+01    1.00061     0.55456E-09      6.370134   6.373464   2.615009
     2.00000000   18   0.7593056486E+03    0.10000E+01    1.00061     0.43966E-09      6.056886   6.060208   2.750181
     2.00000000   19   0.8358499952E+03    0.10000E+01    1.00061     0.35378E-09      5.772893   5.776117   2.885445
     2.00000000   20   0.9162803391E+03    0.10000E+01    1.00061     0.29032E-09      5.513705   5.516974   3.020980
     2.00000000   21   0.1000400089E+04    0.10000E+01    1.00061     0.24579E-09      5.276803   5.280024   3.156551
     2.00000000   22   0.1088386653E+04    0.10000E+01    1.00061     0.21327E-09      5.059017   5.062153   3.292407
     2.00000000   23   0.1180642829E+04    0.10000E+01    1.00061     0.18819E-09      4.857339   4.860462   3.429030
     2.00000000   24   0.1276739105E+04    0.10000E+01    1.00061     0.16659E-09      4.670965   4.674001   3.565824
     2.00000000   25   0.1376877009E+04    0.10000E+01    1.00061     0.14746E-09      4.497904   4.500925   3.702942
     2.00000000   26   0.1480887925E+04    0.10000E+01    1.00061     0.13127E-09      4.337072   4.340073   3.840181
     2.00000000   27   0.1588751445E+04    0.10000E+01    1.00061     0.11707E-09      4.187258   4.190204   3.977531
     2.00000000   28   0.1700841451E+04    0.10000E+01    1.00061     0.10407E-09      4.046931   4.049916   4.115312
     2.00000000   29   0.1816682001E+04    0.10000E+01    1.00061     0.91714E-10      3.915780   3.918754   4.253053
     2.00000000   30   0.1936442185E+04    0.10000E+01    1.00061     0.79852E-10      3.792761   3.795752   4.390873
     2.00000000   31   0.2060014000E+04    0.10000E+01    1.00061     0.68701E-10      3.677246   3.680275   4.528647
     2.00000000   32   0.2187199276E+04    0.10000E+01    1.00061     0.57880E-10      3.568729   3.571755   4.666240
     2.00000000   33   0.2318127169E+04    0.10000E+01    1.00061     0.46835E-10      3.466483   3.469569   4.803671
     2.00000000   34   0.2451637706E+04    0.10000E+01    1.00061     0.34664E-10      3.370773   3.373873   4.939921
     2.00000000   35   0.2601747394E+04    0.10000E+01    1.00061     0.11971E-09      3.272089   3.275336   5.088536
     2.00000000   36   0.2746092607E+04    0.10000E+01    1.00061     0.11241E-09      3.184932   3.188248   5.227532
     2.00000000   37   0.2894299431E+04    0.10000E+01    1.00061     0.10535E-09      3.102316   3.105673   5.366524
     2.00000000   38   0.3046696231E+04    0.10000E+01    1.00061     0.98379E-10      3.023731   3.027175   5.505683
     2.00000000   39   0.3202860564E+04    0.10000E+01    1.00061     0.91532E-10      2.949095   2.952604   5.644735
     2.00000000   40   0.3362967356E+04    0.10000E+01    1.00061     0.85041E-10      2.878037   2.881618   5.783787
     2.00000000   41   0.3527116231E+04    0.10000E+01    1.00061     0.78933E-10      2.810269   2.813939   5.922895
     2.00000000   42   0.3695074950E+04    0.10000E+01    1.00061     0.73003E-10      2.745656   2.749390   6.061950
     2.00000000   43   0.3867108665E+04    0.10000E+01    1.00061     0.67229E-10      2.683889   2.687713   6.201058
     3.00000000    4   0.7500318091E+02    0.10000E+01    1.00061     0.16806E-05      0.000000   0.000000   0.864609
     3.00000000    5   0.1027772492E+03    0.10000E+01    1.00061     0.64241E-06      0.000000   0.000000   1.012056
     3.00000000    6   0.1345598619E+03    0.10000E+01    1.00061     0.26906E-06      0.000000   0.000000   1.158037
     3.00000000    7   0.1702631151E+03    0.10000E+01    1.00061     0.11263E-06      0.000000   0.000000   1.302591
     3.00000000    8   0.2097923435E+03    0.10000E+01    1.00061     0.47885E-07      0.000000   0.000000   1.445901
     3.00000000    9   0.2521604765E+03    0.10000E+01    1.00061     0.21433E-07      0.000000   0.000000   1.585199
     3.00000000   10   0.2977672387E+03    0.10000E+01    1.00061     0.10613E-07      9.672066   9.675665   1.722534
     3.00000000   11   0.3468915558E+03    0.10000E+01    1.00061     0.59446E-08      8.961090   8.964436   1.859199
     3.00000000   12   0.3998134143E+03    0.10000E+01    1.00061     0.35097E-08      8.346973   8.350224   1.995954
     3.00000000   13   0.4566325233E+03    0.10000E+01    1.00061     0.21105E-08      7.810418   7.813828   2.132971
     3.00000000   14   0.5164099034E+03    0.10000E+01    1.00061     0.13187E-08      7.344470   7.347822   2.268246
     3.00000000   15   0.5793625406E+03    0.10000E+01    1.00061     0.88184E-09      6.933979   6.937382   2.402443
     3.00000000   16   0.6459549336E+03    0.10000E+01    1.00061     0.64546E-09      6.566843   6.570276   2.536677
     3.00000000   17   0.7163862455E+03    0.10000E+01    1.00061     0.50160E-09      6.235684   6.238939   2.671394
     3.00000000   18   0.7910484861E+03    0.10000E+01    1.00061     0.39866E-09      5.934118   5.937406   2.807062
     3.00000000   19   0.8694310947E+03    0.10000E+01    1.00061     0.32422E-09      5.660309   5.663558   2.942791
     3.00000000   20   0.9514836952E+03    0.10000E+01    1.00061     0.26895E-09      5.410745   5.413897   3.078497
     3.00000000   21   0.1037487310E+04    0.10000E+01    1.00061     0.22994E-09      5.181629   5.184806   3.214521
     3.00000000   22   0.1127410415E+04    0.10000E+01    1.00061     0.20187E-09      4.970690   4.973749   3.350926
     3.00000000   23   0.1221539377E+04    0.10000E+01    1.00061     0.17787E-09      4.775336   4.778372   3.487938
     3.00000000   24   0.1319650627E+04    0.10000E+01    1.00061     0.15775E-09      4.594394   4.597419   3.625222
     3.00000000   25   0.1421593437E+04    0.10000E+01    1.00061     0.13986E-09      4.426597   4.429552   3.762608
     3.00000000   26   0.1527561534E+04    0.10000E+01    1.00061     0.12444E-09      4.270300   4.273291   3.900194
     3.00000000   27   0.1637448138E+04    0.10000E+01    1.00061     0.11125E-09      4.124525   4.127472   4.037984
     3.00000000   28   0.1751367383E+04    0.10000E+01    1.00061     0.98286E-10      3.988128   3.991068   4.175992
     3.00000000   29   0.1869200771E+04    0.10000E+01    1.00061     0.86270E-10      3.860377   3.863352   4.314043
     3.00000000   30   0.1990766726E+04    0.10000E+01    1.00061     0.74764E-10      3.740654   3.743609   4.452032
     3.00000000   31   0.2116189143E+04    0.10000E+01    1.00061     0.63699E-10      3.628110   3.631120   4.589953
     3.00000000   32   0.2245263168E+04    0.10000E+01    1.00061     0.52999E-10      3.522282   3.525308   4.727719
     3.00000000   33   0.2377657506E+04    0.10000E+01    1.00061     0.41563E-10      3.422812   3.425860   4.864958
     3.00000000   34   0.2511402200E+04    0.10000E+01    1.00061     0.27088E-10      3.330424   3.333506   4.999742
     3.00000000   35   0.2666298663E+04    0.10000E+01    1.00061     0.11628E-09      3.232238   3.235481   5.151218
     3.00000000   36   0.2812627904E+04    0.10000E+01    1.00061     0.10895E-09      3.147035   3.150361   5.290399
     3.00000000   37   0.2962915296E+04    0.10000E+01    1.00061     0.10217E-09      3.066183   3.069569   5.429645
     3.00000000   38   0.3117177854E+04    0.10000E+01    1.00061     0.95076E-10      2.989351   2.992795   5.568930
     3.00000000   39   0.3275346450E+04    0.10000E+01    1.00061     0.88425E-10      2.916279   2.919811   5.708133
     3.00000000   40   0.3437393723E+04    0.10000E+01    1.00061     0.82189E-10      2.846709   2.850295   5.847348
     3.00000000   41   0.3603481578E+04    0.10000E+01    1.00061     0.76062E-10      2.780331   2.784006   5.986578
     3.00000000   42   0.3773477960E+04    0.10000E+01    1.00061     0.70319E-10      2.716982   2.720739   6.125788
     3.00000000   43   0.3947367070E+04    0.10000E+01    1.00061     0.64556E-10      2.656464   2.660293   6.264974
     