                                                                                                                                                                                                                                                                



                        1                         2                         3                         4                         5                         6
                 Re(freq)                  Im(freq)                         l                       n_g                       n_p                      n_pg
  0.2544479708708694E+003   0.0000000000000000E+000                         0                         0                         1                         1
  0.3969608444049531E+003   0.0000000000000000E+000                         0                         0                         2                         2
  0.5246926336759933E+003   0.0000000000000000E+000                         0                         0                         3                         3
  0.6644585845880714E+003   0.0000000000000000E+000                         0                         0                         4                         4
  0.8052766228968184E+003   0.0000000000000000E+000                         0                         0                         5                         5
  0.9484485045109308E+003   0.0000000000000000E+000                         0                         0                         6                         6
  0.1089669927896740E+004   0.0000000000000000E+000                         0                         0                         7                         7
  0.1231514762730356E+004   0.0000000000000000E+000                         0                         0                         8                         8
  0.1371950201636952E+004   0.0000000000000000E+000                         0                         0                         9                         9
  0.1509907667535538E+004   0.0000000000000000E+000                         0                         0                        10                        10
  0.1645019244531318E+004   0.0000000000000000E+000                         0                         0                        11                        11
  0.1777004667225382E+004   0.0000000000000000E+000                         0                         0                        12                        12
  0.1908998894415391E+004   0.0000000000000000E+000                         0                         0                        13                        13
  0.2041685809194526E+004   0.0000000000000000E+000                         0                         0                        14                        14
  0.2174305938677361E+004   0.0000000000000000E+000                         0                         0                        15                        15
  0.2306100083483177E+004   0.0000000000000000E+000                         0                         0                        16                        16
  0.2436569021016092E+004   0.0000000000000000E+000                         0                         0                        17                        17
  0.2567358332513701E+004   0.0000000000000000E+000                         0                         0                        18                        18
  0.2699170737598924E+004   0.0000000000000000E+000                         0                         0                        19                        19
  0.2831657232967782E+004   0.0000000000000000E+000                         0                         0                        20                        20
  0.2964610159066912E+004   0.0000000000000000E+000                         0                         0                        21                        21
  0.3097375739482748E+004   0.0000000000000000E+000                         0                         0                        22                        22
  0.3230308643820044E+004   0.0000000000000000E+000                         0                         0                        23                        23
  0.3363656127281540E+004   0.0000000000000000E+000                         0                         0                        24                        24
  0.3497291383875986E+004   0.0000000000000000E+000                         0                         0                        25                        25
  0.3631399806182937E+004   0.0000000000000000E+000                         0                         0                        26                        26
  0.3765638297999773E+004   0.0000000000000000E+000                         0                         0                        27                        27
  0.3900049357755970E+004   0.0000000000000000E+000                         0                         0                        28                        28
  0.4034589409885571E+004   0.0000000000000000E+000                         0                         0                        29                        29
  0.4169087037216222E+004   0.0000000000000000E+000                         0                         0                        30                        30
  0.4303693328974466E+004   0.0000000000000000E+000                         0                         0                        31                        31
  0.4438118716511985E+004   0.0000000000000000E+000                         0                         0                        32                        32
  0.4572253998851579E+004   0.0000000000000000E+000                         0                         0                        33                        33
  0.4705554694580061E+004   0.0000000000000000E+000                         0                         0                        34                        34
  0.4835477528247755E+004   0.0000000000000000E+000                         0                         0                        35                        35
  0.4967188581584455E+004   0.0000000000000000E+000                         0                         0                        36                        36
  0.5097151094785339E+004   0.0000000000000000E+000                         0                         0                        37                        37
  0.5224606801732531E+004   0.0000000000000000E+000                         0                         0                        38                        38
  0.5348956182669044E+004   0.0000000000000000E+000                         0                         0                        39                        39
  0.5470681547189422E+004   0.0000000000000000E+000                         0                         0                        40                        40
  0.5592297944135708E+004   0.0000000000000000E+000                         0                         0                        41                        41
  0.5716343827167316E+004   0.0000000000000000E+000                         0                         0                        42                        42
  0.5843561856792398E+004   0.0000000000000000E+000                         0                         0                        43                        43
  0.5973479967189728E+004   0.0000000000000000E+000                         0                         0                        44                        44
  0.6105205689265340E+004   0.0000000000000000E+000                         0                         0                        45                        45
  0.6238154315099790E+004   0.0000000000000000E+000                         0                         0                        46                        46
  0.6371913791908826E+004   0.0000000000000000E+000                         0                         0                        47                        47
  0.6506149082357387E+004   0.0000000000000000E+000                         0                         0                        48                        48
  0.6640760616387675E+004   0.0000000000000000E+000                         0                         0                        49                        49
  0.6775549541259124E+004   0.0000000000000000E+000                         0                         0                        50                        50
  0.6910458106728101E+004   0.0000000000000000E+000                         0                         0                        51                        51
  0.7045410288925286E+004   0.0000000000000000E+000                         0                         0                        52                        52
  0.7180298749175849E+004   0.0000000000000000E+000                         0                         0                        53                        53
  0.7315129194709796E+004   0.0000000000000000E+000                         0                         0                        54                        54
  0.7449782154509330E+004   0.0000000000000000E+000                         0                         0                        55                        55
  0.7584244442253275E+004   0.0000000000000000E+000                         0                         0                        56                        56
  0.7718456226077417E+004   0.0000000000000000E+000                         0                         0                        57                        57
  0.7852336980281393E+004   0.0000000000000000E+000                         0                         0                        58                        58
  0.7985891171435580E+004   0.0000000000000000E+000                         0                         0                        59                        59
  0.5253998269100821E+002   0.0000000000000000E+000                         1                        12                         0                       -12
  0.4387115123155425E+003   0.0000000000000000E+000                         1                         0                         1                         2
  0.5833505291633337E+003   0.0000000000000000E+000                         1                         0                         2                         3
  0.7292609711939572E+003   0.0000000000000000E+000                         1                         0                         3                         4
  0.8717454931793441E+003   0.0000000000000000E+000                         1                         0                         4                         5
  0.1013731796972257E+004   0.0000000000000000E+000                         1                         0                         5                         6
  0.1155539968143160E+004   0.0000000000000000E+000                         1                         0                         6                         7
  0.1296078216222575E+004   0.0000000000000000E+000                         1                         0                         7                         8
  0.1436043599269178E+004   0.0000000000000000E+000                         1                         0                         8                         9
  0.1572517881392488E+004   0.0000000000000000E+000                         1                         0                         9                        10
  0.1706157375887695E+004   0.0000000000000000E+000                         1                         0                        10                        11
  0.1838236227532678E+004   0.0000000000000000E+000                         1                         0                        11                        12
  0.1970467200739707E+004   0.0000000000000000E+000                         1                         0                        12                        13
  0.2103748928461352E+004   0.0000000000000000E+000                         1                         0                        13                        14
  0.2236203607571125E+004   0.0000000000000000E+000                         1                         0                        14                        15
  0.2367425352705227E+004   0.0000000000000000E+000                         1                         0                        15                        16
  0.2498240388270223E+004   0.0000000000000000E+000                         1                         0                        16                        17
  0.2629482936948572E+004   0.0000000000000000E+000                         1                         0                        17                        18
  0.2761968285945994E+004   0.0000000000000000E+000                         1                         0                        18                        19
  0.2894899134019812E+004   0.0000000000000000E+000                         1                         0                        19                        20
  0.3027857611213877E+004   0.0000000000000000E+000                         1                         0                        20                        21
  0.3160943186101487E+004   0.0000000000000000E+000                         1                         0                        21                        22
  0.3294088385697201E+004   0.0000000000000000E+000                         1                         0                        22                        23
  0.3427767162827056E+004   0.0000000000000000E+000                         1                         0                        23                        24
  0.3561765965744808E+004   0.0000000000000000E+000                         1                         0                        24                        25
  0.3695992432412265E+004   0.0000000000000000E+000                         1                         0                        25                        26
  0.3830501177586819E+004   0.0000000000000000E+000                         1                         0                        26                        27
  0.3964994108090144E+004   0.0000000000000000E+000                         1                         0                        27                        28
  0.4099638631818156E+004   0.0000000000000000E+000                         1                         0                        28                        29
  0.4234279761983707E+004   0.0000000000000000E+000                         1                         0                        29                        30
  0.4368846394301016E+004   0.0000000000000000E+000                         1                         0                        30                        31
  0.4503291330407498E+004   0.0000000000000000E+000                         1                         0                        31                        32
  0.4637146362605946E+004   0.0000000000000000E+000                         1                         0                        32                        33
  0.4769057771595863E+004   0.0000000000000000E+000                         1                         0                        33                        34
  0.4899715220438680E+004   0.0000000000000000E+000                         1                         0                        34                        35
  0.5030672652030074E+004   0.0000000000000000E+000                         1                         0                        35                        36
  0.5159603843500431E+004   0.0000000000000000E+000                         1                         0                        36                        37
  0.5285584106009714E+004   0.0000000000000000E+000                         1                         0                        37                        38
  0.5408498151998418E+004   0.0000000000000000E+000                         1                         0                        38                        39
  0.5529850997100605E+004   0.0000000000000000E+000                         1                         0                        39                        40
  0.5652421102900923E+004   0.0000000000000000E+000                         1                         0                        40                        41
  0.5778089300147662E+004   0.0000000000000000E+000                         1                         0                        41                        42
  0.5906761706753662E+004   0.0000000000000000E+000                         1                         0                        42                        43
  0.6037664289432237E+004   0.0000000000000000E+000                         1                         0                        43                        44
  0.6170114645263759E+004   0.0000000000000000E+000                         1                         0                        44                        45
  0.6303500929348708E+004   0.0000000000000000E+000                         1                         0                        45                        46
  0.6437560440831157E+004   0.0000000000000000E+000                         1                         0                        46                        47
  0.6572028825194438E+004   0.0000000000000000E+000                         1                         0                        47                        48
  0.6706748817175820E+004   0.0000000000000000E+000                         1                         0                        48                        49
  0.6841657708317574E+004   0.0000000000000000E+000                         1                         0                        49                        50
  0.6976597012279801E+004   0.0000000000000000E+000                         1                         0                        50                        51
  0.7111563650157242E+004   0.0000000000000000E+000                         1                         0                        51                        52
  0.7246451995414557E+004   0.0000000000000000E+000                         1                         0                        52                        53
  0.7381210577382244E+004   0.0000000000000000E+000                         1                         0                        53                        54
  0.7515816843749514E+004   0.0000000000000000E+000                         1                         0                        54                        55
  0.7650160784576104E+004   0.0000000000000000E+000                         1                         0                        55                        56
  0.7784249000087157E+004   0.0000000000000000E+000                         1                         0                        56                        57
  0.7917991529672292E+004   0.0000000000000000E+000                         1                         0                        57                        58
  0.5010456383424901E+002   0.0000000000000000E+000                         2                        22                         0                       -22
  0.3786871691962990E+003   0.0000000000000000E+000                         2                         0                         1                         1
  0.5036086591774628E+003   0.0000000000000000E+000                         2                         0                         2                         2
  0.6487743410153837E+003   0.0000000000000000E+000                         2                         0                         3                         3
  0.7923906940629857E+003   0.0000000000000000E+000                         2                         0                         4                         4
  0.9361172418744183E+003   0.0000000000000000E+000                         2                         0                         5                         5
  0.1077284701494679E+004   0.0000000000000000E+000                         2                         0                         6                         6
  0.1219149263942401E+004   0.0000000000000000E+000                         2                         0                         7                         7
  0.1359379521248664E+004   0.0000000000000000E+000                         2                         0                         8                         8
  0.1497666909215993E+004   0.0000000000000000E+000                         2                         0                         9                         9
  0.1633044796518660E+004   0.0000000000000000E+000                         2                         0                        10                        10
  0.1765289125956276E+004   0.0000000000000000E+000                         2                         0                        11                        11
  0.1897484535347370E+004   0.0000000000000000E+000                         2                         0                        12                        12
  0.2030273416788184E+004   0.0000000000000000E+000                         2                         0                        13                        13
  0.2163273470671148E+004   0.0000000000000000E+000                         2                         0                        14                        14
  0.2295468448095342E+004   0.0000000000000000E+000                         2                         0                        15                        15
  0.2426269963282166E+004   0.0000000000000000E+000                         2                         0                        16                        16
  0.2557363404963544E+004   0.0000000000000000E+000                         2                         0                        17                        17
  0.2689379646185899E+004   0.0000000000000000E+000                         2                         0                        18                        18
  0.2822164119029313E+004   0.0000000000000000E+000                         2                         0                        19                        19
  0.2955434411734105E+004   0.0000000000000000E+000                         2                         0                        20                        20
  0.3088489695353631E+004   0.0000000000000000E+000                         2                         0                        21                        21
  0.3221731662027514E+004   0.0000000000000000E+000                         2                         0                        22                        22
  0.3355325189430213E+004   0.0000000000000000E+000                         2                         0                        23                        23
  0.3489224296381562E+004   0.0000000000000000E+000                         2                         0                        24                        24
  0.3623589579692343E+004   0.0000000000000000E+000                         2                         0                        25                        25
  0.3758059573728509E+004   0.0000000000000000E+000                         2                         0                        26                        26
  0.3892720731983830E+004   0.0000000000000000E+000                         2                         0                        27                        27
  0.4027475876726362E+004   0.0000000000000000E+000                         2                         0                        28                        28
  0.4162192818997765E+004   0.0000000000000000E+000                         2                         0                        29                        29
  0.4297010272242941E+004   0.0000000000000000E+000                         2                         0                        30                        30
  0.4431632149478448E+004   0.0000000000000000E+000                         2                         0                        31                        31
  0.4565983075768340E+004   0.0000000000000000E+000                         2                         0                        32                        32
  0.4699519028150977E+004   0.0000000000000000E+000                         2                         0                        33                        33
  0.4829603579805143E+004   0.0000000000000000E+000                         2                         0                        34                        34
  0.4961526546020388E+004   0.0000000000000000E+000                         2                         0                        35                        35
  0.5091710851394825E+004   0.0000000000000000E+000                         2                         0                        36                        36
  0.5219420182621614E+004   0.0000000000000000E+000                         2                         0                        37                        37
  0.5344011383251130E+004   0.0000000000000000E+000                         2                         0                        38                        38
  0.5465907626900696E+004   0.0000000000000000E+000                         2                         0                        39                        39
  0.5587578832529300E+004   0.0000000000000000E+000                         2                         0                        40                        40
  0.5711602200967322E+004   0.0000000000000000E+000                         2                         0                        41                        41
  0.5838809906852734E+004   0.0000000000000000E+000                         2                         0                        42                        42
  0.5968749173214922E+004   0.0000000000000000E+000                         2                         0                        43                        43
  0.6100518634900680E+004   0.0000000000000000E+000                         2                         0                        44                        44
  0.6233534770151949E+004   0.0000000000000000E+000                         2                         0                        45                        45
  0.6367365036315124E+004   0.0000000000000000E+000                         2                         0                        46                        46
  0.6501678791200728E+004   0.0000000000000000E+000                         2                         0                        47                        47
  0.6636371196541761E+004   0.0000000000000000E+000                         2                         0                        48                        48
  0.6771238278986239E+004   0.0000000000000000E+000                         2                         0                        49                        49
  0.6906229561489735E+004   0.0000000000000000E+000                         2                         0                        50                        50
  0.7041259111245530E+004   0.0000000000000000E+000                         2                         0                        51                        51
  0.7176226786907607E+004   0.0000000000000000E+000                         2                         0                        52                        52
  0.7311134824297873E+004   0.0000000000000000E+000                         2                         0                        53                        53
  0.7445862072776116E+004   0.0000000000000000E+000                         2                         0                        54                        54
  0.7580400842177671E+004   0.0000000000000000E+000                         2                         0                        55                        55
  0.7714684203310244E+004   0.0000000000000000E+000                         2                         0                        56                        56
  0.7848637761620949E+004   0.0000000000000000E+000                         2                         0                        57                        57
  0.7982262913097117E+004   0.0000000000000000E+000                         2                         0                        58                        58
  0.5017705727697159E+002   0.0000000000000000E+000                         3                        31                         0                       -31
  0.1353824784008128E+003   0.0000000000000000E+000                         3                        10                         0                       -10
  0.2584340588283051E+003   0.0000000000000000E+000                         3                         3                         0                        -3
  0.5523102543645683E+003   0.0000000000000000E+000                         3                         0                         2                         2
  0.7016248159839873E+003   0.0000000000000000E+000                         3                         0                         3                         3
  0.8457341417371665E+003   0.0000000000000000E+000                         3                         0                         4                         4
  0.9897886802711158E+003   0.0000000000000000E+000                         3                         0                         5                         5
  0.1132091021994099E+004   0.0000000000000000E+000                         3                         0                         6                         6
  0.1273683492903631E+004   0.0000000000000000E+000                         3                         0                         7                         7
  0.1414397121861565E+004   0.0000000000000000E+000                         3                         0                         8                         8
  0.1551692955205105E+004   0.0000000000000000E+000                         3                         0                         9                         9
  0.1686269987040793E+004   0.0000000000000000E+000                         3                         0                        10                        10
  0.1818615040294347E+004   0.0000000000000000E+000                         3                         0                        11                        11
  0.1951157286174905E+004   0.0000000000000000E+000                         3                         0                        12                        12
  0.2084779160606225E+004   0.0000000000000000E+000                         3                         0                        13                        13
  0.2217712965141720E+004   0.0000000000000000E+000                         3                         0                        14                        14
  0.2349591395900625E+004   0.0000000000000000E+000                         3                         0                        15                        15
  0.2480743089317871E+004   0.0000000000000000E+000                         3                         0                        16                        16
  0.2612297462626538E+004   0.0000000000000000E+000                         3                         0                        17                        17
  0.2745136204503672E+004   0.0000000000000000E+000                         3                         0                        18                        18
  0.2878425078856868E+004   0.0000000000000000E+000                         3                         0                        19                        19
  0.3011882822568316E+004   0.0000000000000000E+000                         3                         0                        20                        20
  0.3145369298334354E+004   0.0000000000000000E+000                         3                         0                        21                        21
  0.3278902877700101E+004   0.0000000000000000E+000                         3                         0                        22                        22
  0.3412984141444863E+004   0.0000000000000000E+000                         3                         0                        23                        23
  0.3547333444189928E+004   0.0000000000000000E+000                         3                         0                        24                        24
  0.3681975103389736E+004   0.0000000000000000E+000                         3                         0                        25                        25
  0.3816859400716495E+004   0.0000000000000000E+000                         3                         0                        26                        26
  0.3951732210065878E+004   0.0000000000000000E+000                         3                         0                        27                        27
  0.4086766629205496E+004   0.0000000000000000E+000                         3                         0                        28                        28
  0.4221751337192738E+004   0.0000000000000000E+000                         3                         0                        29                        29
  0.4356694666074858E+004   0.0000000000000000E+000                         3                         0                        30                        30
  0.4491493983140742E+004   0.0000000000000000E+000                         3                         0                        31                        31
  0.4625732811024584E+004   0.0000000000000000E+000                         3                         0                        32                        32
  0.4758384009816571E+004   0.0000000000000000E+000                         3                         0                        33                        33
  0.4889027509683749E+004   0.0000000000000000E+000                         3                         0                        34                        34
  0.5020401870779624E+004   0.0000000000000000E+000                         3                         0                        35                        35
  0.5149778978592391E+004   0.0000000000000000E+000                         3                         0                        36                        36
  0.5276231313703152E+004   0.0000000000000000E+000                         3                         0                        37                        37
  0.5399572498040763E+004   0.0000000000000000E+000                         3                         0                        38                        38
  0.5521140761354846E+004   0.0000000000000000E+000                         3                         0                        39                        39
  0.5643735344326716E+004   0.0000000000000000E+000                         3                         0                        40                        40
  0.5769377911462100E+004   0.0000000000000000E+000                         3                         0                        41                        41
  0.5898058139981913E+004   0.0000000000000000E+000                         3                         0                        42                        42
  0.6029039805575761E+004   0.0000000000000000E+000                         3                         0                        43                        43
  0.6161602058581033E+004   0.0000000000000000E+000                         3                         0                        44                        44
  0.6295125026608055E+004   0.0000000000000000E+000                         3                         0                        45                        45
  0.6429340884541501E+004   0.0000000000000000E+000                         3                         0                        46                        46
  0.6563961172507125E+004   0.0000000000000000E+000                         3                         0                        47                        47
  0.6698844308227523E+004   0.0000000000000000E+000                         3                         0                        48                        48
  0.6833909943691153E+004   0.0000000000000000E+000                         3                         0                        49                        49
  0.6969005360334804E+004   0.0000000000000000E+000                         3                         0                        50                        50
  0.7104129666976652E+004   0.0000000000000000E+000                         3                         0                        51                        51
  0.7239165945238538E+004   0.0000000000000000E+000                         3                         0                        52                        52
  0.7374077272620881E+004   0.0000000000000000E+000                         3                         0                        53                        53
  0.7508828321608801E+004   0.0000000000000000E+000                         3                         0                        54                        54
  0.7643315978763662E+004   0.0000000000000000E+000                         3                         0                        55                        55
  0.7777547607457759E+004   0.0000000000000000E+000                         3                         0                        56                        56
  0.7911425442355810E+004   0.0000000000000000E+000                         3                         0                        57                        57
