                                                                                                                                                                                                                                                                



                        1                         2                         3                         4                         5                         6
                 Re(freq)                  Im(freq)                         l                       n_g                       n_p                      n_pg
  0.2653655071583823E+003   0.0000000000000000E+000                         0                         0                         1                         1
  0.4117168068807872E+003   0.0000000000000000E+000                         0                         0                         2                         2
  0.5470450689754322E+003   0.0000000000000000E+000                         0                         0                         3                         3
  0.6962487573846113E+003   0.0000000000000000E+000                         0                         0                         4                         4
  0.8458245858877509E+003   0.0000000000000000E+000                         0                         0                         5                         5
  0.9975664642319460E+003   0.0000000000000000E+000                         0                         0                         6                         6
  0.1146916655799658E+004   0.0000000000000000E+000                         0                         0                         7                         7
  0.1296594111202408E+004   0.0000000000000000E+000                         0                         0                         8                         8
  0.1444517205431816E+004   0.0000000000000000E+000                         0                         0                         9                         9
  0.1589723711761304E+004   0.0000000000000000E+000                         0                         0                        10                        10
  0.1732130078173010E+004   0.0000000000000000E+000                         0                         0                        11                        11
  0.1871383576822675E+004   0.0000000000000000E+000                         0                         0                        12                        12
  0.2010488161538622E+004   0.0000000000000000E+000                         0                         0                        13                        13
  0.2150025386632629E+004   0.0000000000000000E+000                         0                         0                        14                        14
  0.2289338903569434E+004   0.0000000000000000E+000                         0                         0                        15                        15
  0.2427914147894642E+004   0.0000000000000000E+000                         0                         0                        16                        16
  0.2565279846523540E+004   0.0000000000000000E+000                         0                         0                        17                        17
  0.2702975229383123E+004   0.0000000000000000E+000                         0                         0                        18                        18
  0.2841572873177464E+004   0.0000000000000000E+000                         0                         0                        19                        19
  0.2980696842282938E+004   0.0000000000000000E+000                         0                         0                        20                        20
  0.3120271874734663E+004   0.0000000000000000E+000                         0                         0                        21                        21
  0.3259714249177332E+004   0.0000000000000000E+000                         0                         0                        22                        22
  0.3399394310959000E+004   0.0000000000000000E+000                         0                         0                        23                        23
  0.3539551941692183E+004   0.0000000000000000E+000                         0                         0                        24                        24
  0.3679990601059415E+004   0.0000000000000000E+000                         0                         0                        25                        25
  0.3820887495592950E+004   0.0000000000000000E+000                         0                         0                        26                        26
  0.3961908480727652E+004   0.0000000000000000E+000                         0                         0                        27                        27
  0.4103127053189781E+004   0.0000000000000000E+000                         0                         0                        28                        28
  0.4244528638374007E+004   0.0000000000000000E+000                         0                         0                        29                        29
  0.4385886622735514E+004   0.0000000000000000E+000                         0                         0                        30                        30
  0.4527357912118387E+004   0.0000000000000000E+000                         0                         0                        31                        31
  0.4668682759599697E+004   0.0000000000000000E+000                         0                         0                        32                        32
  0.4809794062824702E+004   0.0000000000000000E+000                         0                         0                        33                        33
  0.4950353952036737E+004   0.0000000000000000E+000                         0                         0                        34                        34
  0.5087840890152947E+004   0.0000000000000000E+000                         0                         0                        35                        35
  0.5225385589006399E+004   0.0000000000000000E+000                         0                         0                        36                        36
  0.5362426289485886E+004   0.0000000000000000E+000                         0                         0                        37                        37
  0.5497048078297069E+004   0.0000000000000000E+000                         0                         0                        38                        38
  0.5628566094709548E+004   0.0000000000000000E+000                         0                         0                        39                        39
  0.5757092821600421E+004   0.0000000000000000E+000                         0                         0                        40                        40
  0.5884826617523765E+004   0.0000000000000000E+000                         0                         0                        41                        41
  0.6014580850825036E+004   0.0000000000000000E+000                         0                         0                        42                        42
  0.6147589758133222E+004   0.0000000000000000E+000                         0                         0                        43                        43
  0.6283584726446138E+004   0.0000000000000000E+000                         0                         0                        44                        44
  0.6421648161099782E+004   0.0000000000000000E+000                         0                         0                        45                        45
  0.6561115365769026E+004   0.0000000000000000E+000                         0                         0                        46                        46
  0.6701527832061900E+004   0.0000000000000000E+000                         0                         0                        47                        47
  0.6842498598011743E+004   0.0000000000000000E+000                         0                         0                        48                        48
  0.6983904944260735E+004   0.0000000000000000E+000                         0                         0                        49                        49
  0.7125530508807213E+004   0.0000000000000000E+000                         0                         0                        50                        50
  0.7267298348572764E+004   0.0000000000000000E+000                         0                         0                        51                        51
  0.7409141211635995E+004   0.0000000000000000E+000                         0                         0                        52                        52
  0.7550934717851100E+004   0.0000000000000000E+000                         0                         0                        53                        53
  0.7692686094515072E+004   0.0000000000000000E+000                         0                         0                        54                        54
  0.7834277636677491E+004   0.0000000000000000E+000                         0                         0                        55                        55
  0.7975684965407281E+004   0.0000000000000000E+000                         0                         0                        56                        56
  0.4601585579605171E+003   0.0000000000000000E+000                         1                         0                         1                         2
  0.6121902943790343E+003   0.0000000000000000E+000                         1                         0                         2                         3
  0.7661009547199612E+003   0.0000000000000000E+000                         1                         0                         3                         4
  0.9166386400983191E+003   0.0000000000000000E+000                         1                         0                         4                         5
  0.1066721713477652E+004   0.0000000000000000E+000                         1                         0                         5                         6
  0.1216519639782092E+004   0.0000000000000000E+000                         1                         0                         6                         7
  0.1364683734517475E+004   0.0000000000000000E+000                         1                         0                         7                         8
  0.1512078724628910E+004   0.0000000000000000E+000                         1                         0                         8                         9
  0.1655827766461671E+004   0.0000000000000000E+000                         1                         0                         9                        10
  0.1796776439703738E+004   0.0000000000000000E+000                         1                         0                        10                        11
  0.1936122167218955E+004   0.0000000000000000E+000                         1                         0                        11                        12
  0.2075328176036462E+004   0.0000000000000000E+000                         1                         0                        12                        13
  0.2215377429790730E+004   0.0000000000000000E+000                         1                         0                        13                        14
  0.2354541179262530E+004   0.0000000000000000E+000                         1                         0                        14                        15
  0.2492578028535534E+004   0.0000000000000000E+000                         1                         0                        15                        16
  0.2630317306899407E+004   0.0000000000000000E+000                         1                         0                        16                        17
  0.2768399124462874E+004   0.0000000000000000E+000                         1                         0                        17                        18
  0.2907583278260036E+004   0.0000000000000000E+000                         1                         0                        18                        19
  0.3047130139699871E+004   0.0000000000000000E+000                         1                         0                        19                        20
  0.3186710029423244E+004   0.0000000000000000E+000                         1                         0                        20                        21
  0.3326505017947846E+004   0.0000000000000000E+000                         1                         0                        21                        22
  0.3466412068440737E+004   0.0000000000000000E+000                         1                         0                        22                        23
  0.3606883112552559E+004   0.0000000000000000E+000                         1                         0                        23                        24
  0.3747671162344425E+004   0.0000000000000000E+000                         1                         0                        24                        25
  0.3888656748093329E+004   0.0000000000000000E+000                         1                         0                        25                        26
  0.4029955201332612E+004   0.0000000000000000E+000                         1                         0                        26                        27
  0.4171276462797987E+004   0.0000000000000000E+000                         1                         0                        27                        28
  0.4312776145858307E+004   0.0000000000000000E+000                         1                         0                        28                        29
  0.4454279742338750E+004   0.0000000000000000E+000                         1                         0                        29                        30
  0.4595709655567269E+004   0.0000000000000000E+000                         1                         0                        30                        31
  0.4737082966001994E+004   0.0000000000000000E+000                         1                         0                        31                        32
  0.4877996018866539E+004   0.0000000000000000E+000                         1                         0                        32                        33
  0.5017929576217688E+004   0.0000000000000000E+000                         1                         0                        33                        34
  0.5154150830248275E+004   0.0000000000000000E+000                         1                         0                        34                        35
  0.5292138425471147E+004   0.0000000000000000E+000                         1                         0                        35                        36
  0.5428198903312209E+004   0.0000000000000000E+000                         1                         0                        36                        37
  0.5561379409914726E+004   0.0000000000000000E+000                         1                         0                        37                        38
  0.5691343142515940E+004   0.0000000000000000E+000                         1                         0                        38                        39
  0.5819180223584546E+004   0.0000000000000000E+000                         1                         0                        39                        40
  0.5947598784150950E+004   0.0000000000000000E+000                         1                         0                        40                        41
  0.6078962578812948E+004   0.0000000000000000E+000                         1                         0                        41                        42
  0.6213560932430116E+004   0.0000000000000000E+000                         1                         0                        42                        43
  0.6350671332868252E+004   0.0000000000000000E+000                         1                         0                        43                        44
  0.6489558008158510E+004   0.0000000000000000E+000                         1                         0                        44                        45
  0.6629537390565844E+004   0.0000000000000000E+000                         1                         0                        45                        46
  0.6770294715702717E+004   0.0000000000000000E+000                         1                         0                        46                        47
  0.6911537017613414E+004   0.0000000000000000E+000                         1                         0                        47                        48
  0.7053071971407025E+004   0.0000000000000000E+000                         1                         0                        48                        49
  0.7194835458989695E+004   0.0000000000000000E+000                         1                         0                        49                        50
  0.7336652552782335E+004   0.0000000000000000E+000                         1                         0                        50                        51
  0.7478513264848339E+004   0.0000000000000000E+000                         1                         0                        51                        52
  0.7620320170953422E+004   0.0000000000000000E+000                         1                         0                        52                        53
  0.7762007284283925E+004   0.0000000000000000E+000                         1                         0                        53                        54
  0.7903558913376062E+004   0.0000000000000000E+000                         1                         0                        54                        55
  0.5212562475433352E+002   0.0000000000000000E+000                         2                        19                         0                       -19
  0.3293005703145766E+003   0.0000000000000000E+000                         2                         0                         0                         0
  0.3831694227409498E+003   0.0000000000000000E+000                         2                         0                         1                         1
  0.5264554080928980E+003   0.0000000000000000E+000                         2                         0                         2                         2
  0.6803670502332571E+003   0.0000000000000000E+000                         2                         0                         3                         3
  0.8321137178883113E+003   0.0000000000000000E+000                         2                         0                         4                         4
  0.9840369118261758E+003   0.0000000000000000E+000                         2                         0                         5                         5
  0.1133162876101400E+004   0.0000000000000000E+000                         2                         0                         6                         6
  0.1282853463866187E+004   0.0000000000000000E+000                         2                         0                         7                         7
  0.1430593657671326E+004   0.0000000000000000E+000                         2                         0                         8                         8
  0.1576219678078909E+004   0.0000000000000000E+000                         2                         0                         9                         9
  0.1718961765293005E+004   0.0000000000000000E+000                         2                         0                        10                        10
  0.1858548601327599E+004   0.0000000000000000E+000                         2                         0                        11                        11
  0.1997950462291505E+004   0.0000000000000000E+000                         2                         0                        12                        12
  0.2137659827480896E+004   0.0000000000000000E+000                         2                         0                        13                        13
  0.2277413450799837E+004   0.0000000000000000E+000                         2                         0                        14                        14
  0.2416425789108409E+004   0.0000000000000000E+000                         2                         0                        15                        15
  0.2554148613732024E+004   0.0000000000000000E+000                         2                         0                        16                        16
  0.2692184911381867E+004   0.0000000000000000E+000                         2                         0                        17                        17
  0.2831016735999852E+004   0.0000000000000000E+000                         2                         0                        18                        18
  0.2970463440910567E+004   0.0000000000000000E+000                         2                         0                        19                        19
  0.3110372654107044E+004   0.0000000000000000E+000                         2                         0                        20                        20
  0.3250110659931531E+004   0.0000000000000000E+000                         2                         0                        21                        21
  0.3390108680766457E+004   0.0000000000000000E+000                         2                         0                        22                        22
  0.3530516938282582E+004   0.0000000000000000E+000                         2                         0                        23                        23
  0.3671224098859467E+004   0.0000000000000000E+000                         2                         0                        24                        24
  0.3812383504627936E+004   0.0000000000000000E+000                         2                         0                        25                        25
  0.3953634573064111E+004   0.0000000000000000E+000                         2                         0                        26                        26
  0.4095103840208346E+004   0.0000000000000000E+000                         2                         0                        27                        27
  0.4236720719711555E+004   0.0000000000000000E+000                         2                         0                        28                        28
  0.4378299649475896E+004   0.0000000000000000E+000                         2                         0                        29                        29
  0.4519985247066478E+004   0.0000000000000000E+000                         2                         0                        30                        30
  0.4661504972311088E+004   0.0000000000000000E+000                         2                         0                        31                        31
  0.4802830236767848E+004   0.0000000000000000E+000                         2                         0                        32                        32
  0.4943603803949611E+004   0.0000000000000000E+000                         2                         0                        33                        33
  0.5081781031082865E+004   0.0000000000000000E+000                         2                         0                        34                        34
  0.5219046325432106E+004   0.0000000000000000E+000                         2                         0                        35                        35
  0.5356312237450875E+004   0.0000000000000000E+000                         2                         0                        36                        36
  0.5491196397077332E+004   0.0000000000000000E+000                         2                         0                        37                        37
  0.5622975148934155E+004   0.0000000000000000E+000                         2                         0                        38                        38
  0.5751705700973767E+004   0.0000000000000000E+000                         2                         0                        39                        39
  0.5879522302765613E+004   0.0000000000000000E+000                         2                         0                        40                        40
  0.6009253812944651E+004   0.0000000000000000E+000                         2                         0                        41                        41
  0.6142236868220290E+004   0.0000000000000000E+000                         2                         0                        42                        42
  0.6278239167693470E+004   0.0000000000000000E+000                         2                         0                        43                        43
  0.6416336801799321E+004   0.0000000000000000E+000                         2                         0                        44                        44
  0.6555867567309619E+004   0.0000000000000000E+000                         2                         0                        45                        45
  0.6696349918579973E+004   0.0000000000000000E+000                         2                         0                        46                        46
  0.6837400342111801E+004   0.0000000000000000E+000                         2                         0                        47                        47
  0.6978891155644334E+004   0.0000000000000000E+000                         2                         0                        48                        48
  0.7120598198593997E+004   0.0000000000000000E+000                         2                         0                        49                        49
  0.7262453812828506E+004   0.0000000000000000E+000                         2                         0                        50                        50
  0.7404379157908543E+004   0.0000000000000000E+000                         2                         0                        51                        51
  0.7546256471999682E+004   0.0000000000000000E+000                         2                         0                        52                        52
  0.7688090952325981E+004   0.0000000000000000E+000                         2                         0                        53                        53
  0.7829761661420123E+004   0.0000000000000000E+000                         2                         0                        54                        54
  0.7971251133452808E+004   0.0000000000000000E+000                         2                         0                        55                        55
  0.5001038826926185E+002   0.0000000000000000E+000                         3                        28                         0                       -28
  0.1996465212350101E+003   0.0000000000000000E+000                         3                         5                         0                        -5
  0.2239796768902681E+003   0.0000000000000000E+000                         3                         4                         0                        -4
  0.4239890673392812E+003   0.0000000000000000E+000                         3                         0                         1                         1
  0.5786754249662698E+003   0.0000000000000000E+000                         3                         0                         2                         2
  0.7363204755425597E+003   0.0000000000000000E+000                         3                         0                         3                         3
  0.8884386103412519E+003   0.0000000000000000E+000                         3                         0                         4                         4
  0.1040661392783842E+004   0.0000000000000000E+000                         3                         0                         5                         5
  0.1190926821857865E+004   0.0000000000000000E+000                         3                         0                         6                         6
  0.1340217609695469E+004   0.0000000000000000E+000                         3                         0                         7                         7
  0.1488416882723956E+004   0.0000000000000000E+000                         3                         0                         8                         8
  0.1633028914521829E+004   0.0000000000000000E+000                         3                         0                         9                         9
  0.1775001024033387E+004   0.0000000000000000E+000                         3                         0                        10                        10
  0.1914690412150023E+004   0.0000000000000000E+000                         3                         0                        11                        11
  0.2054323906041463E+004   0.0000000000000000E+000                         3                         0                        12                        12
  0.2194814661631323E+004   0.0000000000000000E+000                         3                         0                        13                        13
  0.2334520738719566E+004   0.0000000000000000E+000                         3                         0                        14                        14
  0.2473282240939865E+004   0.0000000000000000E+000                         3                         0                        15                        15
  0.2611422400407881E+004   0.0000000000000000E+000                         3                         0                        16                        16
  0.2749896312103885E+004   0.0000000000000000E+000                         3                         0                        17                        17
  0.2889514030687140E+004   0.0000000000000000E+000                         3                         0                        18                        18
  0.3029469015632671E+004   0.0000000000000000E+000                         3                         0                        19                        19
  0.3169590243882876E+004   0.0000000000000000E+000                         3                         0                        20                        20
  0.3309817959836538E+004   0.0000000000000000E+000                         3                         0                        21                        21
  0.3450143070370333E+004   0.0000000000000000E+000                         3                         0                        22                        22
  0.3591055436773078E+004   0.0000000000000000E+000                         3                         0                        23                        23
  0.3732226649844060E+004   0.0000000000000000E+000                         3                         0                        24                        24
  0.3873659167821331E+004   0.0000000000000000E+000                         3                         0                        25                        25
  0.4015355415569768E+004   0.0000000000000000E+000                         3                         0                        26                        26
  0.4157070361055495E+004   0.0000000000000000E+000                         3                         0                        27                        27
  0.4298979537366472E+004   0.0000000000000000E+000                         3                         0                        28                        28
  0.4440840640168121E+004   0.0000000000000000E+000                         3                         0                        29                        29
  0.4582658833788915E+004   0.0000000000000000E+000                         3                         0                        30                        30
  0.4724393187245638E+004   0.0000000000000000E+000                         3                         0                        31                        31
  0.4865682385999530E+004   0.0000000000000000E+000                         3                         0                        32                        32
  0.5006100545950852E+004   0.0000000000000000E+000                         3                         0                        33                        33
  0.5142602372651256E+004   0.0000000000000000E+000                         3                         0                        34                        34
  0.5281013176756372E+004   0.0000000000000000E+000                         3                         0                        35                        35
  0.5417525415103960E+004   0.0000000000000000E+000                         3                         0                        36                        36
  0.5551189334287744E+004   0.0000000000000000E+000                         3                         0                        37                        37
  0.5681619731365271E+004   0.0000000000000000E+000                         3                         0                        38                        38
  0.5809730312533519E+004   0.0000000000000000E+000                         3                         0                        39                        39
  0.5938201795936267E+004   0.0000000000000000E+000                         3                         0                        40                        40
  0.6069527267971105E+004   0.0000000000000000E+000                         3                         0                        41                        41
  0.6204106351101514E+004   0.0000000000000000E+000                         3                         0                        42                        42
  0.6341274544218895E+004   0.0000000000000000E+000                         3                         0                        43                        43
  0.6480259947820809E+004   0.0000000000000000E+000                         3                         0                        44                        44
  0.6620366923234585E+004   0.0000000000000000E+000                         3                         0                        45                        45
  0.6761276883801701E+004   0.0000000000000000E+000                         3                         0                        46                        46
  0.6902668560455676E+004   0.0000000000000000E+000                         3                         0                        47                        47
  0.7044366617773263E+004   0.0000000000000000E+000                         3                         0                        48                        48
  0.7186288393993486E+004   0.0000000000000000E+000                         3                         0                        49                        49
  0.7328262274723977E+004   0.0000000000000000E+000                         3                         0                        50                        50
  0.7470284257655766E+004   0.0000000000000000E+000                         3                         0                        51                        51
  0.7612242437472411E+004   0.0000000000000000E+000                         3                         0                        52                        52
  0.7754086185359590E+004   0.0000000000000000E+000                         3                         0                        53                        53
  0.7895787456621038E+004   0.0000000000000000E+000                         3                         0                        54                        54
